   1.8705173e+01,
   1.7315319e+01,
   1.6903031e+01,
   1.6314279e+01,
   1.6076192e+01,
   1.5835349e+01,
   1.5321559e+01,
   1.5034414e+01,
   1.4889169e+01,
   1.4765401e+01,
   1.4150662e+01,
   1.4014593e+01,
   1.3940821e+01,
   1.3841407e+01,
   1.3345246e+01,
   1.3149723e+01,
   1.3082059e+01,
   1.2987344e+01,
   1.2652108e+01,
   1.2315488e+01,
   1.2010098e+01,
   1.1618170e+01,
   1.1485004e+01,
   1.1264147e+01,
   1.1166074e+01,
   1.0846002e+01,
   1.0429963e+01,
   1.0398342e+01,
   1.0339572e+01,
   1.0139763e+01,
   9.8864083e+00,
   9.6454548e+00,
   9.3003839e+00,
   9.1721127e+00,
   8.8196933e+00,
   8.6920383e+00,
   8.2975784e+00,
   8.1796089e+00,
   8.1415139e+00,
   7.8551739e+00,
   7.7363588e+00,
   7.5159239e+00,
   7.4394734e+00,
   7.0857007e+00,
   7.0502109e+00,
   6.7060458e+00,
   6.3807938e+00,
   6.1382476e+00,
   5.9828698e+00,
   5.8306177e+00,
   5.5993855e+00,
   5.3918171e+00,
   5.2810500e+00,
   5.0306243e+00,
   4.7708751e+00,
   4.4867704e+00,
   4.3348429e+00,
   4.2514911e+00,
   3.5086798e+00,
   3.0060368e+00,
