   2.0263036e+01,
   2.0087007e+01,
   1.9867595e+01,
   1.8917131e+01,
   1.8806728e+01,
   1.8624336e+01,
   1.8253968e+01,
   1.7869652e+01,
   1.7446131e+01,
   1.7365491e+01,
   1.7259143e+01,
   1.7048917e+01,
   1.6838258e+01,
   1.6801997e+01,
   1.6243311e+01,
   1.6051700e+01,
   1.5849994e+01,
   1.5568031e+01,
   1.5229506e+01,
   1.5084845e+01,
   1.4799870e+01,
   1.4497722e+01,
   1.4385158e+01,
   1.4272976e+01,
   1.4130574e+01,
   1.3712255e+01,
   1.3583771e+01,
   1.3427010e+01,
   1.3175394e+01,
   1.2842202e+01,
   1.2709474e+01,
   1.2639074e+01,
   1.2416690e+01,
   1.2175271e+01,
   1.2096429e+01,
   1.1975113e+01,
   1.1689272e+01,
   1.1667389e+01,
   1.1335333e+01,
   1.1272641e+01,
   1.1064885e+01,
   1.0650501e+01,
   1.0612812e+01,
   1.0415676e+01,
   1.0224938e+01,
   1.0044911e+01,
   9.9795845e+00,
   9.6749270e+00,
   9.5714862e+00,
   9.3108305e+00,
   8.9075747e+00,
   8.8121989e+00,
   8.7768753e+00,
   8.6573118e+00,
   8.4207748e+00,
   8.3603398e+00,
   8.2388083e+00,
   8.0461402e+00,
   7.9433967e+00,
   7.8084100e+00,
   7.5359019e+00,
   7.4563739e+00,
   7.3710906e+00,
   7.0825248e+00,
   6.8376276e+00,
   6.7901776e+00,
   6.6882024e+00,
   6.4065561e+00,
   6.2457637e+00,
   6.1705236e+00,
   5.9833299e+00,
   5.7886612e+00,
   5.6986438e+00,
   5.4328356e+00,
   5.3883889e+00,
   5.1675508e+00,
   4.9092748e+00,
   4.8488686e+00,
   4.7293841e+00,
   4.5208186e+00,
   4.3710046e+00,
   4.1996159e+00,
   3.9230829e+00,
   3.8136820e+00,
   3.6572341e+00,
   3.5443629e+00,
   3.4968636e+00,
   3.2810238e+00,
   3.1386220e+00,
   3.0451570e+00,
   2.8889316e+00,
   2.7073647e+00,
   2.3888416e+00,
   2.0797213e+00,
   1.9843954e+00,
   1.5851654e+00,
