   2.2320060e+01,
   2.1507424e+01,
   2.0820372e+01,
   2.0205825e+01,
   1.9983986e+01,
   1.9722510e+01,
   1.9443380e+01,
   1.8958220e+01,
   1.8635665e+01,
   1.8393934e+01,
   1.8347194e+01,
   1.8059481e+01,
   1.8007092e+01,
   1.7830530e+01,
   1.7684653e+01,
   1.7511484e+01,
   1.7158944e+01,
   1.7048725e+01,
   1.6767403e+01,
   1.6586824e+01,
   1.6431253e+01,
   1.6036158e+01,
   1.5770917e+01,
   1.5606037e+01,
   1.5511852e+01,
   1.5376153e+01,
   1.5005304e+01,
   1.4765448e+01,
   1.4658018e+01,
   1.4482557e+01,
   1.4389026e+01,
   1.4198917e+01,
   1.4096901e+01,
   1.4028281e+01,
   1.3843455e+01,
   1.3429279e+01,
   1.3245650e+01,
   1.3141042e+01,
   1.2817438e+01,
   1.2774837e+01,
   1.2529626e+01,
   1.2315738e+01,
   1.2150615e+01,
   1.2058888e+01,
   1.1747046e+01,
   1.1484077e+01,
   1.1365289e+01,
   1.1227305e+01,
   1.1131842e+01,
   1.0959773e+01,
   1.0879564e+01,
   1.0521580e+01,
   1.0432043e+01,
   1.0212783e+01,
   1.0158870e+01,
   9.9737619e+00,
   9.8790301e+00,
   9.7321393e+00,
   9.5945007e+00,
   9.3952830e+00,
   9.1923858e+00,
   8.9962724e+00,
   8.8920113e+00,
   8.7332430e+00,
   8.5671523e+00,
   8.3753965e+00,
   8.1851487e+00,
   8.1019526e+00,
   8.0003887e+00,
   7.6362806e+00,
   7.5243542e+00,
   7.4701284e+00,
   7.3805872e+00,
   7.2111975e+00,
   6.9860681e+00,
   6.9383614e+00,
   6.8359523e+00,
   6.7370406e+00,
   6.4306137e+00,
   6.3436232e+00,
   6.1840913e+00,
   6.0696686e+00,
   5.8661500e+00,
   5.6904377e+00,
   5.6739041e+00,
   5.3292940e+00,
   5.2769767e+00,
   5.2085407e+00,
   4.9417626e+00,
   4.7755990e+00,
   4.7390741e+00,
   4.5670321e+00,
   4.4972698e+00,
   4.3362648e+00,
   4.2531343e+00,
   4.1417366e+00,
   3.8888752e+00,
   3.7244103e+00,
   3.4755112e+00,
   3.4075117e+00,
   3.2908975e+00,
   3.0193104e+00,
   2.9417810e+00,
   2.8183245e+00,
   2.5514352e+00,
   2.3215671e+00,
   1.9764640e+00,
   1.5856011e+00,
