   2.0274884e+01,
   1.9250522e+01,
   1.8775165e+01,
   1.8080342e+01,
   1.7912254e+01,
   1.7399519e+01,
   1.7324165e+01,
   1.7120896e+01,
   1.6797049e+01,
   1.6465700e+01,
   1.6273218e+01,
   1.6023876e+01,
   1.5951169e+01,
   1.5666149e+01,
   1.5313462e+01,
   1.4957997e+01,
   1.4870322e+01,
   1.4678944e+01,
   1.4389060e+01,
   1.4027536e+01,
   1.3909232e+01,
   1.3774310e+01,
   1.3591634e+01,
   1.3251936e+01,
   1.3053590e+01,
   1.2944703e+01,
   1.2751718e+01,
   1.2609706e+01,
   1.2323568e+01,
   1.2023825e+01,
   1.1809297e+01,
   1.1587847e+01,
   1.1425825e+01,
   1.1346091e+01,
   1.0991694e+01,
   1.0642755e+01,
   1.0593299e+01,
   1.0385743e+01,
   1.0119339e+01,
   1.0071900e+01,
   9.9786560e+00,
   9.6229732e+00,
   9.5484560e+00,
   9.4617852e+00,
   9.2152763e+00,
   9.1269718e+00,
   9.0095817e+00,
   8.6234168e+00,
   8.4576397e+00,
   8.2638325e+00,
   8.1202774e+00,
   7.9141452e+00,
   7.8042522e+00,
   7.6606397e+00,
   7.4725009e+00,
   7.3308369e+00,
   7.1413942e+00,
   6.9309803e+00,
   6.6083674e+00,
   6.4394536e+00,
   6.1643048e+00,
   6.0541187e+00,
   5.9421052e+00,
   5.7522567e+00,
   5.5251077e+00,
   5.3160122e+00,
   5.0214467e+00,
   4.8694067e+00,
   4.6920471e+00,
   4.4336937e+00,
   4.0502167e+00,
   3.8928000e+00,
