   2.3425174e+01,
   2.2678096e+01,
   2.2448016e+01,
   2.1816629e+01,
   2.1500269e+01,
   2.1127707e+01,
   2.0604432e+01,
   2.0017313e+01,
   1.9883945e+01,
   1.9757952e+01,
   1.9636785e+01,
   1.9460346e+01,
   1.9340050e+01,
   1.9011682e+01,
   1.8654254e+01,
   1.8515840e+01,
   1.8353155e+01,
   1.8179980e+01,
   1.8085167e+01,
   1.7793709e+01,
   1.7751080e+01,
   1.7642860e+01,
   1.7358495e+01,
   1.7041593e+01,
   1.6858055e+01,
   1.6509117e+01,
   1.6445299e+01,
   1.6204162e+01,
   1.6065881e+01,
   1.5972312e+01,
   1.5773039e+01,
   1.5552061e+01,
   1.5364681e+01,
   1.5124187e+01,
   1.4799633e+01,
   1.4724630e+01,
   1.4599491e+01,
   1.4524310e+01,
   1.4346035e+01,
   1.3940339e+01,
   1.3738336e+01,
   1.3579103e+01,
   1.3438682e+01,
   1.3226355e+01,
   1.3205786e+01,
   1.2971925e+01,
   1.2802971e+01,
   1.2788231e+01,
   1.2691631e+01,
   1.2468390e+01,
   1.2374546e+01,
   1.2199206e+01,
   1.1849879e+01,
   1.1706334e+01,
   1.1626430e+01,
   1.1494708e+01,
   1.1442920e+01,
   1.1165595e+01,
   1.1060778e+01,
   1.1028122e+01,
   1.0844426e+01,
   1.0746136e+01,
   1.0432085e+01,
   1.0369197e+01,
   1.0083734e+01,
   9.8224596e+00,
   9.7920057e+00,
   9.5919168e+00,
   9.4720887e+00,
   9.2959194e+00,
   9.2324515e+00,
   9.1082265e+00,
   9.0534452e+00,
   8.8783327e+00,
   8.7869500e+00,
   8.5938404e+00,
   8.4107584e+00,
   8.3005149e+00,
   8.0933005e+00,
   7.8651076e+00,
   7.8218843e+00,
   7.6470639e+00,
   7.5661491e+00,
   7.3838586e+00,
   7.2131645e+00,
   7.1312231e+00,
   7.1126682e+00,
   6.9678870e+00,
   6.9164235e+00,
   6.5916468e+00,
   6.4749171e+00,
   6.2233390e+00,
   6.0841749e+00,
   5.8563311e+00,
   5.8217332e+00,
   5.6193403e+00,
   5.5089676e+00,
   5.3451783e+00,
   5.2611943e+00,
   5.0792104e+00,
   4.9822855e+00,
   4.7912438e+00,
   4.6059898e+00,
   4.5572663e+00,
   4.3897224e+00,
   4.3059575e+00,
   4.1220116e+00,
   3.8826786e+00,
   3.8326070e+00,
   3.6723683e+00,
   3.5393977e+00,
   3.4694086e+00,
   3.3989989e+00,
   3.1044003e+00,
   2.9271554e+00,
   2.7290101e+00,
   2.4523926e+00,
   2.3537780e+00,
   2.1187131e+00,
   1.9554638e+00,
