   2.6005225e+01,
   2.5565442e+01,
   2.4768360e+01,
   2.4466482e+01,
   2.4197520e+01,
   2.3903373e+01,
   2.3808782e+01,
   2.3349271e+01,
   2.3205887e+01,
   2.2992815e+01,
   2.2440484e+01,
   2.2363959e+01,
   2.2159298e+01,
   2.1953239e+01,
   2.1824899e+01,
   2.1743284e+01,
   2.1537139e+01,
   2.1343079e+01,
   2.1168592e+01,
   2.0962003e+01,
   2.0681158e+01,
   2.0428060e+01,
   2.0283782e+01,
   2.0190604e+01,
   2.0032294e+01,
   1.9904316e+01,
   1.9693893e+01,
   1.9382566e+01,
   1.9221303e+01,
   1.9130442e+01,
   1.9035616e+01,
   1.8757433e+01,
   1.8523778e+01,
   1.8370025e+01,
   1.8066894e+01,
   1.7998356e+01,
   1.7860123e+01,
   1.7653186e+01,
   1.7605402e+01,
   1.7445592e+01,
   1.7295402e+01,
   1.7091453e+01,
   1.6932271e+01,
   1.6814584e+01,
   1.6704991e+01,
   1.6469635e+01,
   1.6353562e+01,
   1.6197311e+01,
   1.5995713e+01,
   1.5881037e+01,
   1.5677646e+01,
   1.5529080e+01,
   1.5398592e+01,
   1.5116922e+01,
   1.4936900e+01,
   1.4817625e+01,
   1.4667954e+01,
   1.4563445e+01,
   1.4438217e+01,
   1.4350247e+01,
   1.4180920e+01,
   1.3975670e+01,
   1.3807959e+01,
   1.3639313e+01,
   1.3543924e+01,
   1.3482107e+01,
   1.3448656e+01,
   1.3151585e+01,
   1.3047886e+01,
   1.2985949e+01,
   1.2889480e+01,
   1.2624624e+01,
   1.2358124e+01,
   1.2278527e+01,
   1.2120892e+01,
   1.2018785e+01,
   1.1962831e+01,
   1.1785538e+01,
   1.1689156e+01,
   1.1629903e+01,
   1.1516178e+01,
   1.1371796e+01,
   1.1209894e+01,
   1.1135354e+01,
   1.0983211e+01,
   1.0877533e+01,
   1.0786857e+01,
   1.0626209e+01,
   1.0461621e+01,
   1.0438941e+01,
   1.0246858e+01,
   1.0103708e+01,
   9.9730633e+00,
   9.7305016e+00,
   9.6483306e+00,
   9.5398631e+00,
   9.3027628e+00,
   9.1481489e+00,
   9.0238477e+00,
   9.0182397e+00,
   8.8603602e+00,
   8.8196910e+00,
   8.6124843e+00,
   8.4224284e+00,
   8.2772526e+00,
   8.1270210e+00,
   8.0727766e+00,
   7.9081084e+00,
   7.8222037e+00,
   7.6754250e+00,
   7.5231634e+00,
   7.3581493e+00,
   7.2439675e+00,
   7.1610773e+00,
   7.0599979e+00,
   6.8676123e+00,
   6.7982704e+00,
   6.5645155e+00,
   6.5503983e+00,
   6.3446063e+00,
   6.2016195e+00,
   6.1193080e+00,
   5.9892528e+00,
   5.8348790e+00,
   5.7287795e+00,
   5.5760651e+00,
   5.4842640e+00,
   5.3761854e+00,
   5.1666270e+00,
   4.9833139e+00,
   4.8985146e+00,
   4.8133509e+00,
   4.7834024e+00,
   4.4712704e+00,
   4.2544649e+00,
   4.2124209e+00,
   4.1069534e+00,
   3.9978678e+00,
   3.8484610e+00,
   3.7421071e+00,
   3.5608552e+00,
   3.4246477e+00,
   3.4151691e+00,
   3.1331884e+00,
   3.0340579e+00,
   2.7374652e+00,
   2.6957144e+00,
   2.5104939e+00,
   2.4055286e+00,
   2.1502274e+00,
