   1.0767808e+01,
   1.0608592e+01,
   9.8971561e+00,
   9.6943209e+00,
   9.2458565e+00,
   8.9080028e+00,
   8.6834270e+00,
   8.5552924e+00,
   8.4245508e+00,
   8.1127692e+00,
   7.1872797e+00,
   6.9044583e+00,
   6.6865469e+00,
   6.5779534e+00,
   6.1350417e+00,
   5.6326408e+00,
   5.3761590e+00,
   5.1186714e+00,
   4.8575153e+00,
   4.3868548e+00,
   3.8924543e+00,
   3.6363337e+00,
   3.4721167e+00,
   3.1479450e+00,
   2.7813020e+00,
   2.5802975e+00,
   2.3131933e+00,
   2.1394769e+00,
   1.9599918e+00,
   1.6452673e+00,
   1.4372865e+00,
   1.2207717e+00,
   6.7743525e-01,
   6.1503486e-01,
   4.1074553e-01,
   8.7921657e-02,
