   1.2666069e+01,
   1.2291433e+01,
   1.1935534e+01,
   1.1679879e+01,
   1.1021496e+01,
   1.0762437e+01,
   1.0463773e+01,
   1.0371219e+01,
   9.9250360e+00,
   9.3241699e+00,
   9.0130740e+00,
   8.9325429e+00,
   8.7300299e+00,
   8.4386954e+00,
   8.1166262e+00,
   7.6414951e+00,
   7.4487936e+00,
   7.4300149e+00,
   7.2059250e+00,
   6.8879353e+00,
   6.5021404e+00,
   6.2966915e+00,
   5.8740461e+00,
   5.8435695e+00,
   5.2120534e+00,
   4.9960385e+00,
   4.7885350e+00,
   4.4876616e+00,
   4.2335574e+00,
   3.9816533e+00,
   3.8524628e+00,
   3.4915585e+00,
   3.1972687e+00,
   2.9726182e+00,
   2.9297013e+00,
   2.6997669e+00,
   2.3435711e+00,
   2.3145436e+00,
   2.0755824e+00,
   1.8702058e+00,
   1.7668342e+00,
   1.2980269e+00,
   1.2389447e+00,
   1.1353704e+00,
   8.8200994e-01,
   4.3211987e-01,
   2.0051605e-01,
   1.2632386e-01,
