   1.1769150e+01,
   1.1370784e+01,
   1.0870520e+01,
   1.0579372e+01,
   1.0039180e+01,
   9.7933364e+00,
   9.7085881e+00,
   9.5618984e+00,
   9.0709943e+00,
   8.7901655e+00,
   8.2553959e+00,
   7.8384570e+00,
   7.6714904e+00,
   7.2930698e+00,
   7.1040679e+00,
   7.0243953e+00,
   6.7060262e+00,
   6.2739726e+00,
   5.9634174e+00,
   5.4877847e+00,
   5.2670832e+00,
   4.9468228e+00,
   4.7715869e+00,
   4.6030853e+00,
   4.1182211e+00,
   3.8606686e+00,
   3.7418849e+00,
   3.3303394e+00,
   2.9630724e+00,
   2.6215914e+00,
   2.5359641e+00,
   2.3413063e+00,
   2.2014603e+00,
   1.7372829e+00,
   1.5896429e+00,
   9.3467230e-01,
