   1.4866813e+01,
   1.4085473e+01,
   1.3733108e+01,
   1.3311813e+01,
   1.2994122e+01,
   1.2480555e+01,
   1.2246800e+01,
   1.1935978e+01,
   1.1497762e+01,
   1.0963014e+01,
   1.0663140e+01,
   1.0516336e+01,
   1.0168026e+01,
   1.0017241e+01,
   9.7357789e+00,
   9.4814954e+00,
   9.2664730e+00,
   9.1336632e+00,
   9.0952272e+00,
   8.7020796e+00,
   8.5643954e+00,
   8.3568152e+00,
   8.2302169e+00,
   7.8405440e+00,
   7.5202872e+00,
   7.2708871e+00,
   6.9891406e+00,
   6.6343973e+00,
   6.3616621e+00,
   6.2067503e+00,
   6.1088209e+00,
   5.7384603e+00,
   5.5204626e+00,
   5.4369514e+00,
   5.1728107e+00,
   4.8581217e+00,
   4.7364131e+00,
   4.3032144e+00,
   4.1913783e+00,
   4.0483056e+00,
   3.7724574e+00,
   3.5775840e+00,
   3.3518521e+00,
   3.1708657e+00,
   2.8917978e+00,
   2.7556402e+00,
   2.4827135e+00,
   2.4144132e+00,
   2.3516082e+00,
   2.0852395e+00,
   1.8276061e+00,
   1.7250441e+00,
   1.6159000e+00,
   1.2774585e+00,
   9.3443016e-01,
   8.0234780e-01,
   4.6362289e-01,
   3.9138074e-01,
   3.0257878e-01,
   5.1591370e-02,
