   1.4582875e+01,
   1.3423037e+01,
   1.2823029e+01,
   1.2610757e+01,
   1.2378309e+01,
   1.2230301e+01,
   1.1801943e+01,
   1.1279335e+01,
   1.1092974e+01,
   1.0707148e+01,
   1.0200037e+01,
   1.0110580e+01,
   9.5704354e+00,
   9.4239576e+00,
   9.2172720e+00,
   8.9668582e+00,
   8.9017875e+00,
   8.7514669e+00,
   8.3909128e+00,
   8.1231689e+00,
   7.9303593e+00,
   7.6087494e+00,
   7.2996203e+00,
   6.9620425e+00,
   6.6815695e+00,
   6.4334657e+00,
   6.2545273e+00,
   5.7868237e+00,
   5.5956696e+00,
   5.4126416e+00,
   5.0691532e+00,
   4.9416557e+00,
   4.7673358e+00,
   4.3356715e+00,
   4.0883689e+00,
   3.8564061e+00,
   3.6907417e+00,
   3.6625503e+00,
   3.2752339e+00,
   3.1703647e+00,
   3.1083692e+00,
   2.7969290e+00,
   2.3991450e+00,
   2.3322389e+00,
   2.0707101e+00,
   1.6762250e+00,
   1.5790318e+00,
   1.1159715e+00,
