   1.4151000e+01,
   1.3319720e+01,
   1.2512778e+01,
   1.2185503e+01,
   1.2102148e+01,
   1.1710304e+01,
   1.1290282e+01,
   1.1202272e+01,
   1.0574336e+01,
   1.0201534e+01,
   1.0009303e+01,
   9.6097217e+00,
   9.3574711e+00,
   9.2121717e+00,
   8.3994826e+00,
   8.2488419e+00,
   8.0684652e+00,
   7.9412855e+00,
   7.6848396e+00,
   7.2709867e+00,
   7.2200782e+00,
   6.8953995e+00,
   6.4412874e+00,
   6.1797183e+00,
   5.7427346e+00,
   5.5474039e+00,
   5.3186409e+00,
   5.1881980e+00,
   4.7848504e+00,
   4.6391202e+00,
   4.2066316e+00,
   4.0157929e+00,
   3.7204963e+00,
   3.3806430e+00,
   3.0767097e+00,
   2.8833657e+00,
