   1.6784227e+01,
   1.5986676e+01,
   1.5444685e+01,
   1.4967222e+01,
   1.4344690e+01,
   1.4110986e+01,
   1.3824834e+01,
   1.3404836e+01,
   1.3127009e+01,
   1.2980713e+01,
   1.2597712e+01,
   1.2441705e+01,
   1.2042535e+01,
   1.1680586e+01,
   1.1441837e+01,
   1.1214640e+01,
   1.0830840e+01,
   1.0582649e+01,
   1.0489782e+01,
   1.0235607e+01,
   1.0090901e+01,
   9.9993024e+00,
   9.6058170e+00,
   9.4922129e+00,
   9.1718303e+00,
   8.9010626e+00,
   8.7389870e+00,
   8.6817141e+00,
   8.4576211e+00,
   8.4249343e+00,
   8.1975389e+00,
   7.7660249e+00,
   7.4452331e+00,
   7.2505724e+00,
   7.0210117e+00,
   6.6297253e+00,
   6.5801459e+00,
   6.3627018e+00,
   6.1958491e+00,
   5.9897095e+00,
   5.8202531e+00,
   5.7180629e+00,
   5.5852735e+00,
   5.2336479e+00,
   5.1215260e+00,
   4.9891552e+00,
   4.7044070e+00,
   4.5297143e+00,
   4.1293449e+00,
   4.0271764e+00,
   3.8578785e+00,
   3.6762929e+00,
   3.5050158e+00,
   3.3223662e+00,
   3.1796259e+00,
   3.1670204e+00,
   2.6550211e+00,
   2.5389446e+00,
   2.4766864e+00,
   2.2557543e+00,
   2.1950764e+00,
   2.1157195e+00,
   1.8020975e+00,
   1.6171723e+00,
   1.2694213e+00,
   1.1782709e+00,
   7.7978714e-01,
   4.9899083e-01,
   4.8153315e-01,
   3.7458275e-01,
   2.0504049e-01,
   1.0210103e-01,
