   1.6567007e+01,
   1.5727230e+01,
   1.5451365e+01,
   1.4772538e+01,
   1.4495758e+01,
   1.4158070e+01,
   1.3837610e+01,
   1.3303547e+01,
   1.3009339e+01,
   1.2669803e+01,
   1.2130955e+01,
   1.1722264e+01,
   1.1692421e+01,
   1.1645598e+01,
   1.1339459e+01,
   1.0982221e+01,
   1.0770163e+01,
   1.0397730e+01,
   1.0324625e+01,
   9.9660401e+00,
   9.6646199e+00,
   9.5361976e+00,
   9.2425962e+00,
   9.1687211e+00,
   8.9334471e+00,
   8.6824760e+00,
   8.2749971e+00,
   8.2090699e+00,
   8.0425063e+00,
   7.9533707e+00,
   7.6266420e+00,
   7.2878138e+00,
   7.0453080e+00,
   6.8884469e+00,
   6.5908765e+00,
   6.4701059e+00,
   6.2088128e+00,
   6.0142750e+00,
   5.8581491e+00,
   5.5963934e+00,
   5.3098240e+00,
   5.2265313e+00,
   5.1179545e+00,
   4.7019890e+00,
   4.4437868e+00,
   4.3986953e+00,
   4.0855430e+00,
   4.0064022e+00,
   3.8466053e+00,
   3.7191098e+00,
   3.2793731e+00,
   3.1616424e+00,
   2.6582388e+00,
   2.4276659e+00,
   2.3215643e+00,
   2.0872227e+00,
   1.7577479e+00,
   1.5412323e+00,
   1.2215654e+00,
   8.8113830e-01,
