   1.8336376e+01,
   1.6986675e+01,
   1.6874413e+01,
   1.5832812e+01,
   1.5710371e+01,
   1.5630939e+01,
   1.5456230e+01,
   1.4900137e+01,
   1.4610196e+01,
   1.4412960e+01,
   1.4196267e+01,
   1.4055541e+01,
   1.3949992e+01,
   1.3217181e+01,
   1.3047619e+01,
   1.2856856e+01,
   1.2474550e+01,
   1.2039018e+01,
   1.1834488e+01,
   1.1683025e+01,
   1.1557397e+01,
   1.1318051e+01,
   1.1141922e+01,
   1.0920232e+01,
   1.0733960e+01,
   1.0370790e+01,
   1.0284346e+01,
   1.0152777e+01,
   9.9234394e+00,
   9.7250448e+00,
   9.3628349e+00,
   9.2578410e+00,
   8.9513055e+00,
   8.8938643e+00,
   8.4792181e+00,
   8.1805782e+00,
   8.1020803e+00,
   8.0120707e+00,
   7.6986479e+00,
   7.5782680e+00,
   7.3512480e+00,
   7.2703432e+00,
   7.1170142e+00,
   6.9815336e+00,
   6.6495507e+00,
   6.4699143e+00,
   6.2780356e+00,
   6.2257635e+00,
   5.9486441e+00,
   5.8871346e+00,
   5.4764107e+00,
   5.3255930e+00,
   5.0652975e+00,
   5.0218240e+00,
   4.7867111e+00,
   4.6114502e+00,
   4.5661051e+00,
   4.3077723e+00,
   4.1883248e+00,
   3.9541429e+00,
   3.7571178e+00,
   3.5138730e+00,
   3.2522263e+00,
   3.0048991e+00,
   2.8485466e+00,
   2.7162189e+00,
   2.5789635e+00,
   2.1155348e+00,
   2.0867681e+00,
   1.8827964e+00,
   1.4856741e+00,
   1.3384003e+00,
