   1.6690584e+01,
   1.5788126e+01,
   1.5281576e+01,
   1.4600080e+01,
   1.4078251e+01,
   1.3655356e+01,
   1.3622738e+01,
   1.3552487e+01,
   1.2771158e+01,
   1.2541171e+01,
   1.2302823e+01,
   1.2238551e+01,
   1.1777020e+01,
   1.1409798e+01,
   1.1291280e+01,
   1.1053669e+01,
   1.0562935e+01,
   1.0347260e+01,
   9.9708682e+00,
   9.7343167e+00,
   9.6831374e+00,
   9.4404895e+00,
   9.0529696e+00,
   8.7977723e+00,
   8.7136722e+00,
   8.4887682e+00,
   8.3349836e+00,
   8.0205484e+00,
   7.7667525e+00,
   7.3917666e+00,
   7.2152748e+00,
   7.1533979e+00,
   6.8571371e+00,
   6.7362257e+00,
   6.2637984e+00,
   6.2564052e+00,
   6.0634851e+00,
   5.7161244e+00,
   5.4761481e+00,
   5.3375383e+00,
   4.8942368e+00,
   4.7184230e+00,
   4.5233656e+00,
   4.2013885e+00,
   4.0032280e+00,
   3.6280517e+00,
   3.3732284e+00,
   3.1604808e+00,
